# distance_from_origin
4.831605
5.160005
1.346584
5.749485
2.688245
3.748066
5.076691
4.512860
3.143914
4.846790
4.684613
3.769898
1.179832
3.162953
4.294559
4.377671
3.978146
5.889839
3.318410
3.921630
0.352672
4.050120
4.318567
5.645717
1.047042
4.972693
4.054566
1.742705
1.838735
3.624239
4.461069
2.979080
3.253006
5.194386
3.812542
4.863976
0.878825
4.680097
4.840344
4.490076
5.519574
4.249924
3.147699
4.464669
4.854268
3.801741
4.502758
3.881477
1.636077
4.623840
4.921973
3.330373
0.628166
2.917161
3.106228
3.062727
4.866884
4.962467
5.295294
1.843938
4.287675
5.395643
5.402947
5.525115
5.035278
4.492264
2.876647
3.843970
3.230313
3.483069
4.783698
3.713818
4.906981
5.769004
0.335115
3.361352
3.700009
2.674161
5.021677
1.519650
1.353064
6.359386
3.609036
4.809321
4.681081
3.841995
6.173415
3.996799
3.249517
2.873381
5.477749
3.519681
4.366335
4.726425
3.334834
3.441890
3.204138
4.821611
1.652127
4.734824
2.417691
4.467316
4.189394
4.379431
4.528938
3.366671
4.378068
3.551623
5.602396
6.483779
4.494993
0.771208
1.203690
3.814012
4.630595
4.618200
2.668641
4.132885
5.389864
3.194908
3.305649
2.011730
1.305360
1.914175
5.545336
3.305652
2.648754
3.766633
3.377106
4.770396
4.040104
2.711239
1.318126
4.814858
3.838116
3.070801
2.698593
4.639914
3.071854
5.960998
1.659991
5.930150
2.644910
4.262545
4.881945
4.322922
5.333544
4.185383
3.176580
4.016528
4.204996
4.577495
5.308659
5.260912
4.906659
4.449188
4.768996
3.528120
3.699373
4.088006
4.748525
2.030369
4.242349
4.237766
5.091234
6.044320
4.059784
3.133369
1.891102
1.358145
2.372496
5.172979
5.074942
3.275698
2.578142
5.686305
5.153581
4.166652
3.723918
3.278130
5.128990
5.876825
3.688689
2.655696
3.872715
5.533232
1.714013
5.134978
4.689099
4.890825
4.220518
1.144942
4.836141
2.952765
3.070995
3.639428
2.746750
5.687191
6.794645
1.453422
4.733131
3.251387
5.606708
3.600849
1.974005
4.116418
1.518897
4.102673
2.511842
1.597739
2.882315
5.617225
5.148775
5.269581
4.369307
5.438407
4.615313
1.544709
4.366725
4.815145
3.011057
2.981881
5.603704
4.503626
4.750097
4.666842
2.238927
6.499408
3.911786
4.130728
5.202349
5.893811
2.288858
0.959618
6.353624
5.014951
4.541198
3.696592
6.419965
3.369472
5.187710
3.196351
1.912085
5.692552
3.523653
3.331975
3.876325
2.753108
3.286884
1.054390
3.700547
4.577879
3.546979
4.365330
3.033732
4.253326
2.514895
4.934265
2.968358
4.537150
4.648662
2.445567
4.395746
0.512037
4.182497
1.645439
6.495874
4.669468
5.447043
2.254279
1.814918
4.856348
4.544448
5.006740
3.453048
5.886053
0.546921
4.467648
2.482072
0.725591
6.389269
0.757505
3.289637
1.393252
1.428689
3.323769
5.401587
5.543918
4.739145
4.856886
5.248513
5.039623
1.750641
5.259848
5.581730
2.610826
4.890267
3.494389
2.398323
5.588971
3.506892
5.709375
3.428178
4.016784
4.491595
3.368590
6.621724
4.214657
0.609312
4.406973
4.953385
1.488463
4.773437
5.578947
3.821371
3.062806
4.236772
5.137362
4.507680
3.421787
4.651701
1.074022
4.575836
2.505146
2.358076
4.685665
5.703744
5.061175
4.992192
2.896254
3.857296
2.115561
2.294945
4.535894
4.531649
4.197807
1.823747
2.262033
1.054693
3.566815
5.541301
2.900619
2.684962
3.884374
4.963917
2.545502
1.826747
3.614225
4.522523
1.697412
2.998291
6.555217
5.435935
2.993720
1.668568
2.405237
3.209662
4.727625
4.588251
6.591202
4.762735
2.523040
4.214021
3.789562
5.213964
4.417409
2.910480
4.014779
2.286454
5.687476
3.125944
2.060091
3.601593
5.231144
2.800566
3.259363
2.603524
3.868488
4.510293
4.618942
4.906312
1.877720
3.662336
4.914854
4.396460
2.228271
4.335452
4.445367
3.678906
0.971559
5.311239
4.223639
5.947356
4.698378
3.664377
5.596988
1.465751
1.852800
5.253248
5.890997
5.868951
2.556513
4.509525
4.741278
6.136847
3.745022
5.326286
3.492683
2.499544
1.852013
3.261437
4.379172
2.589457
4.783793
4.749085
3.870163
5.257392
3.233718
2.604441
2.653613
4.311322
0.816408
3.759722
4.083929
4.952626
4.330482
4.618115
3.699141
3.550192
4.355617
4.894786
0.824114
3.724924
3.905080
3.491155
2.465893
4.441232
2.186418
2.125715
2.085375
2.012194
1.039616
5.026100
3.132689
5.407551
5.373302
4.566625
5.698659
5.622565
4.649545
5.336288
3.755047
4.208232
2.409168
3.849455
1.164067
5.567928
5.662007
1.887894
6.007786
3.434390
4.476087
4.243841
5.007594
4.204532
3.428590
1.482004
3.514241
2.428943
6.742750
4.292228
5.340685
5.591108
2.484727
3.923733
2.400209
6.007507
3.881403
4.160805
5.089981
4.095754
3.596707
5.096154
4.487364
3.175236
3.092426
4.171216
4.006458
4.964360
3.774006
2.534935
3.360810
3.970443
4.589043
3.213112
3.167046
3.108611
2.126028
4.164950
3.828643
4.419660
5.178724
6.399835
3.659229
4.827671
3.112336
4.652061
4.580195
5.118591
4.256215
4.436430
4.761756
3.897272
3.218097
4.897205
3.153226
6.458886
4.637135
4.550447
3.572774
2.530979
4.031467
2.641583
3.784172
1.860470
3.740776
2.553507
5.225659
3.539189
5.019285
2.797557
4.687860
3.093074
4.098817
2.403538
6.670333
3.548820
1.324889
3.988719
3.593977
3.022337
1.576863
2.367371
4.054045
3.203311
5.015106
3.709709
2.273281
4.436237
3.383859
4.393223
3.763108
3.346566
3.628578
3.034494
2.582212
2.808086
4.865145
4.177049
3.609050
5.346402
2.899916
3.956946
6.757667
1.620790
2.735920
1.721610
3.122552
4.110465
5.359669
4.212498
1.734414
3.791091
6.761497
4.438545
3.499360
3.433387
3.382851
4.481110
4.270606
3.233162
4.016496
4.325430
0.576759
4.683885
4.038596
1.432958
3.310870
4.358370
1.386314
4.589020
3.775244
2.990417
4.492387
4.737053
4.810238
4.103639
1.142846
4.174837
2.053833
3.686174
5.324269
4.225836
5.695482
4.606605
4.391565
4.515857
2.486420
5.388571
3.690249
3.777881
4.866126
4.561846
4.970075
3.496271
0.682424
5.834505
5.207531
0.975027
4.982632
2.484374
4.693530
3.585604
3.672659
3.665838
5.724447
3.503807
4.283532
5.196712
3.569185
3.631764
3.841919
3.462892
2.365235
2.479142
3.828017
3.121956
2.165265
0.988815
4.684096
4.876043
2.493932
1.822822
4.676557
1.793235
4.141203
6.029210
2.268165
5.323379
3.269982
3.054973
0.570006
3.703020
0.879873
3.209988
0.981136
5.340338
1.415354
1.800299
2.265554
3.596201
4.467611
4.689627
5.273295
5.162534
3.980672
5.381935
4.277597
4.826552
3.072641
2.861290
4.301737
4.942885
6.039706
1.755824
3.795721
4.792300
3.081170
4.284005
4.969904
2.738146
3.096831
5.558936
3.566958
3.760151
4.478345
2.614615
3.508485
4.650051
5.714313
3.670338
5.605552
3.821405
4.832820
5.723322
5.108089
3.233674
3.924458
2.155861
3.427171
4.339571
2.598298
5.266908
5.220027
3.256672
4.515935
1.817227
4.556211
0.432318
3.646589
2.841889
6.567747
4.717310
2.017804
3.644722
1.426334
2.636023
5.933201
3.418891
2.596798
3.348083
4.686549
3.302974
3.124560
4.242673
1.928656
3.459307
3.327606
4.981983
0.992283
3.069470
2.607930
3.140786
5.345680
1.255102
4.547364
4.104102
3.405156
2.815147
2.545621
4.360469
6.594621
5.882187
5.677728
3.722054
1.646568
4.424517
4.292491
5.016320
4.658796
5.203187
4.997534
1.355542
2.210460
5.301854
2.101935
2.557392
4.449629
3.849848
4.435223
2.782759
4.954372
0.288380
5.100579
4.399263
1.959758
3.479201
4.956239
5.227930
3.476726
4.705409
2.639872
1.191961
4.459462
3.704606
5.971872
5.980927
4.785391
5.292532
3.313426
2.743102
3.082330
2.631048
0.868575
2.744435
3.494595
4.245178
3.698091
0.783284
0.541585
4.809039
5.165651
2.836069
1.865498
4.879939
6.065018
1.717203
1.388621
4.279829
5.134835
0.502307
5.428595
4.965878
4.335352
3.824458
3.898552
4.752501
4.313287
6.656923
2.735509
4.499735
4.295934
5.058527
4.202204
4.771305
1.922155
4.696329
4.516694
2.217761
1.614817
4.054432
5.639255
2.409490
3.683477
2.346895
4.784962
4.945140
4.020116
3.613636
1.530522
6.812232
4.963160
6.406815
4.113716
2.560672
4.269076
5.650920
4.304368
2.204962
3.496158
4.779677
2.374245
2.143735
2.043275
3.542126
2.637605
5.013383
1.141382
4.184837
5.854206
2.009343
3.812696
1.971257
6.860037
4.238874
4.910838
2.312260
2.500743
6.353440
1.730609
3.409810
6.298482
4.327727
4.384182
6.101394
4.350417
4.975597
3.601824
4.224295
0.877712
1.817408
4.296647
4.459375
4.230238
3.893009
2.506003
1.955967
4.585558
4.755697
5.675663
2.710077
1.901020
1.258231
4.632563
4.920210
2.222459
4.757657
3.265161
3.691877
1.316728
3.794025
3.508538
4.076066
4.491454
1.826022
5.896352
4.300087
3.100205
3.301342
3.738844
4.358419
3.981813
4.964374
5.768862
3.926287
3.649435
1.417579
2.593002
3.454153
4.360086
5.174698
3.481861
5.641572
2.768120
4.722440
3.983652
5.177436
4.520014
6.607322
6.335837
2.372597
2.805193
3.627347
3.413257
2.677295
3.462748
5.090627
3.726377
3.591214
3.129218
4.390972
4.668958
0.857535
2.748662
3.523943
4.850452
3.483551
3.588079
3.745834
4.087358
6.554583
2.470794
1.257337
2.774645
2.534716
1.325174
3.594177
4.129521
4.655757
3.880442
4.908907
5.031735
3.485528
6.244294
2.266685
4.593794
2.481929
4.979826
2.576608
6.226446
4.957987
4.618138
2.553248
5.084604
4.208250
2.423655
4.359815
4.684271
4.361032
4.781233
5.372311
2.038955
6.761605
1.400360
3.728948
0.832451
2.136757
4.125990
6.116777
1.968080
2.447935
2.333947
4.165055
4.702865
3.283024
5.890894
3.347928
5.227725
3.498719
1.688567
0.865769
4.882921
3.813855
4.710046
4.842777
4.025660
4.143170
3.093929
5.261713
5.467288
